<?xml version="1.0"?>
<opencv_storage>
<CameraMatrix type_id="opencv-matrix">
  <rows>3</rows>
  <cols>3</cols>
  <dt>d</dt>
  <data>
    1.4123534869802445e+03 0. 6.3950000000000000e+02 0.
    1.4123534869802445e+03 4.7950000000000000e+02 0. 0. 1.</data></CameraMatrix>
<DistortionCoefficients type_id="opencv-matrix">
  <rows>5</rows>
  <cols>1</cols>
  <dt>d</dt>
  <data>
    3.5215253654986067e-02 -4.8426034832607362e-01 0. 0.
    2.4526275742132113e+00</data></DistortionCoefficients>
</opencv_storage>
