<?xml version="1.0"?>
<opencv_storage>
<calibration_Time>"Mon Feb 29 13:18:30 2016"</calibration_Time>
<nrOfFrames>8</nrOfFrames>
<image_Width>1280</image_Width>
<image_Height>960</image_Height>
<board_Width>9</board_Width>
<board_Height>6</board_Height>
<square_Size>50.</square_Size>
<FixAspectRatio>1.</FixAspectRatio>
<!-- flags:  +fix_aspectRatio +fix_principal_point +zero_tangent_dist -->
<flagValue>14</flagValue>
<Camera_Matrix type_id="opencv-matrix">
  <rows>3</rows>
  <cols>3</cols>
  <dt>d</dt>
  <data>
    1.4123534869802445e+03 0. 6.3950000000000000e+02 0.
    1.4123534869802445e+03 4.7950000000000000e+02 0. 0. 1.</data></Camera_Matrix>
<Distortion_Coefficients type_id="opencv-matrix">
  <rows>5</rows>
  <cols>1</cols>
  <dt>d</dt>
  <data>
    3.5215253654986067e-02 -4.8426034832607362e-01 0. 0.
    2.4526275742132113e+00</data></Distortion_Coefficients>
<Avg_Reprojection_Error>7.4666281658461320e-01</Avg_Reprojection_Error>
<Per_View_Reprojection_Errors type_id="opencv-matrix">
  <rows>8</rows>
  <cols>1</cols>
  <dt>f</dt>
  <data>
    9.14007246e-01 9.78095531e-01 4.98804748e-01 3.61464649e-01
    3.53486270e-01 7.69801855e-01 1.11840308e+00 5.65797627e-01</data></Per_View_Reprojection_Errors>
<!-- a set of 6-tuples (rotation vector + translation vector) for each view -->
<Extrinsic_Parameters type_id="opencv-matrix">
  <rows>8</rows>
  <cols>6</cols>
  <dt>d</dt>
  <data>
    -3.5034614158554672e-01 9.3252878570985542e-01
    2.2373645027898084e+00 2.5134037539960198e+02
    -7.6085862447423878e+01 7.5660798906916511e+02
    -2.4699673236421535e-01 1.2181361595650906e+00
    2.8055497346124323e+00 2.2135475490961099e+02 9.0811932857499002e+01
    6.5842359283186863e+02 -9.1122331058217751e-02
    3.2561603341201395e-01 2.8746438186734449e+00 2.6067625024381323e+02
    6.5631250965264570e+01 7.5126250351939416e+02 2.7192439547411601e-01
    -9.1777971054368496e-02 -2.3188474842206395e+00
    -4.3826340380197735e+01 2.7964503007707430e+02
    1.0100299590349665e+03 -4.7278727073572319e-01
    3.2599221176139465e-01 2.0966697428995471e+00 2.7957653257129812e+02
    -1.2986944365384272e+02 1.4745260147472927e+03
    -1.5463061453106852e-01 -8.2992869489584875e-01
    1.8327780559651339e+00 1.5922542208254615e+02
    -1.0271849452000296e+02 8.7261632632191788e+02
    -9.3853033182733270e-01 2.0796029848195446e-01
    -1.5387766392159341e-01 -2.0770956001747226e+02
    -6.0807201248838609e+00 8.6855979596946270e+02
    -1.8175114938336248e-01 2.4031391563679092e-02
    -4.3238762577812240e-01 -2.4250350463865695e+02
    -4.6903284907189160e+01 8.9121056944546251e+02</data></Extrinsic_Parameters>
<Image_points type_id="opencv-matrix">
  <rows>8</rows>
  <cols>54</cols>
  <dt>"2f"</dt>
  <data>
    1.10891357e+03 3.34673035e+02 1.05351611e+03 3.78690338e+02
    9.93781616e+02 4.25090210e+02 9.30201721e+02 4.73859955e+02
    8.62777283e+02 5.25115479e+02 7.90190186e+02 5.80998718e+02
    7.11036560e+02 6.41069763e+02 6.26583191e+02 7.04608398e+02
    5.35104431e+02 7.75062378e+02 1.03197791e+03 2.94774109e+02
    9.75652649e+02 3.35787933e+02 9.16077026e+02 3.78417786e+02
    8.52127869e+02 4.22838623e+02 7.84964539e+02 4.71107483e+02
    7.12155823e+02 5.21495667e+02 6.33381836e+02 5.77199951e+02
    5.49344727e+02 6.37705200e+02 4.59071564e+02 7.01862000e+02
    9.59858643e+02 2.57437988e+02 9.03809448e+02 2.95102081e+02
    8.43773438e+02 3.33727661e+02 7.80019714e+02 3.74504425e+02
    7.12467407e+02 4.20617004e+02 6.40034180e+02 4.67345581e+02
    5.61606628e+02 5.18050964e+02 4.78410950e+02 5.74040283e+02
    3.89118530e+02 6.34199402e+02 8.92328857e+02 2.20918823e+02
    8.35852234e+02 2.55541153e+02 7.76157227e+02 2.92393005e+02
    7.11966553e+02 3.31825806e+02 6.44878601e+02 3.73782745e+02
    5.72739746e+02 4.16889648e+02 4.94913910e+02 4.63057739e+02
    4.12334473e+02 5.15395142e+02 3.24104858e+02 5.71186462e+02
    8.28911926e+02 1.86649857e+02 7.73002258e+02 2.18744720e+02
    7.12940979e+02 2.54267807e+02 6.49182007e+02 2.91638184e+02
    5.82250488e+02 3.29476532e+02 5.10412231e+02 3.69644867e+02
    4.33237549e+02 4.13418243e+02 3.51983276e+02 4.63059296e+02
    2.64944275e+02 5.14089478e+02 7.69756836e+02 1.53819122e+02
    7.13357544e+02 1.85398544e+02 6.53689514e+02 2.18071381e+02
    5.89987732e+02 2.52938751e+02 5.23518555e+02 2.88124969e+02
    4.52261505e+02 3.26425751e+02 3.76223663e+02 3.69727997e+02
    2.95590790e+02 4.13479248e+02 2.09677704e+02 4.60366425e+02
    1.11518518e+03 6.71448975e+02 1.01433667e+03 6.76426758e+02
    9.10327759e+02 6.80479553e+02 8.03440430e+02 6.83925537e+02
    6.95164368e+02 6.86929321e+02 5.82834656e+02 6.90853455e+02
    4.66249969e+02 6.94136780e+02 3.47074371e+02 6.96817688e+02
    2.24678024e+02 7.00759521e+02 1.07687939e+03 5.93615112e+02
    9.81019226e+02 5.96994873e+02 8.82334290e+02 5.99343445e+02
    7.81230103e+02 6.00445312e+02 6.78224243e+02 6.03034241e+02
    5.72129395e+02 6.04070190e+02 4.61741058e+02 6.06105225e+02
    3.49484741e+02 6.09379456e+02 2.34370804e+02 6.11730347e+02
    1.04238452e+03 5.23439819e+02 9.51032227e+02 5.25207947e+02
    8.57663391e+02 5.25004211e+02 7.61255493e+02 5.24677551e+02
    6.63208313e+02 5.27224548e+02 5.62317383e+02 5.27188477e+02
    4.57838135e+02 5.27257324e+02 3.51458313e+02 5.29287842e+02
    2.42334030e+02 5.31392456e+02 1.01138501e+03 4.58653564e+02
    9.24399292e+02 4.58408112e+02 8.34715820e+02 4.58548126e+02
    7.42489807e+02 4.58337555e+02 6.49296814e+02 4.58820740e+02
    5.53407349e+02 4.57577667e+02 4.54094727e+02 4.55723389e+02
    3.53161011e+02 4.57375641e+02 2.49517044e+02 4.58563934e+02
    9.83371460e+02 3.99198700e+02 8.99965881e+02 3.98541748e+02
    8.14165161e+02 3.98406036e+02 7.25657349e+02 3.98125183e+02
    6.36986938e+02 3.96445038e+02 5.45487122e+02 3.94490051e+02
    4.50649902e+02 3.92719849e+02 3.54513123e+02 3.94431824e+02
    2.56267181e+02 3.94077332e+02 9.57698547e+02 3.45135742e+02
    8.77520691e+02 3.44372986e+02 7.95045776e+02 3.43285522e+02
    7.10595032e+02 3.42106598e+02 6.25495361e+02 3.39429321e+02
    5.37992981e+02 3.37621155e+02 4.47282288e+02 3.37682922e+02
    3.55626526e+02 3.36284607e+02 2.61818207e+02 3.34547119e+02
    1.13101099e+03 6.02481323e+02 1.04165466e+03 6.25925110e+02
    9.51241821e+02 6.49349731e+02 8.60044067e+02 6.73334351e+02
    7.68778931e+02 6.96921814e+02 6.76049133e+02 7.21270203e+02
    5.81070190e+02 7.45782593e+02 4.86272156e+02 7.70860229e+02
    3.90236908e+02 7.95839600e+02 1.10055786e+03 5.13306152e+02
    1.01240594e+03 5.35851196e+02 9.23580566e+02 5.58522461e+02
    8.33524780e+02 5.81221985e+02 7.43402771e+02 6.04182861e+02
    6.51784241e+02 6.27215332e+02 5.58244263e+02 6.51062866e+02
    4.64558441e+02 6.75174927e+02 3.70015381e+02 6.99405273e+02
    1.07071130e+03 4.27008179e+02 9.84272522e+02 4.48631409e+02
    8.96792236e+02 4.69800873e+02 8.07661499e+02 4.91642273e+02
    7.18649536e+02 5.13849304e+02 6.28309204e+02 5.36141052e+02
    5.35613831e+02 5.58853027e+02 4.43279877e+02 5.81963623e+02
    3.49733368e+02 6.05619324e+02 1.04233325e+03 3.42149506e+02
    9.57023743e+02 3.62641602e+02 8.70341553e+02 3.83638550e+02
    7.82243896e+02 4.04726593e+02 6.94275391e+02 4.26074677e+02
    6.05123840e+02 4.47248474e+02 5.13599060e+02 4.68688141e+02
    4.22115112e+02 4.91400055e+02 3.30136353e+02 5.13889526e+02
    1.01477515e+03 2.60034576e+02 9.30583557e+02 2.79856659e+02
    8.44837402e+02 3.00150024e+02 7.57613525e+02 3.20960724e+02
    6.70906555e+02 3.40821899e+02 5.82586548e+02 3.61098206e+02
    4.92097931e+02 3.81921814e+02 4.02260254e+02 4.03980286e+02
    3.10924469e+02 4.25680695e+02 9.87997864e+02 1.79668289e+02
    9.04490479e+02 1.99399185e+02 8.19876465e+02 2.18782898e+02
    7.33632874e+02 2.38566513e+02 6.47948853e+02 2.57620453e+02
    5.60486633e+02 2.77502167e+02 4.71535858e+02 2.98472900e+02
    3.82390442e+02 3.18691254e+02 2.92203796e+02 3.39385071e+02
    5.78340515e+02 8.71342346e+02 5.30327881e+02 8.23336304e+02
